1:5,2,6
2:1,13
3:8,9,4
4:3,5
5:1,4,6,11
6:5,12,1
7:15,8
8:3,7,9,16
9:3,8,10,24
10:9,11
11:10,12,5,25
12:11,6,13
13:12,2,26
14:15,19,20
15:14,21,16,7
16:15,8,23
17:28,39,18
18:17,40,41,19
19:18,29,14,20
20:19,21,14,30
21:20,15,31,22
22:32,23,21
23:22,16,24
24:23,9,25,33
25:24,11,34,26
26:25,13,35
27:28,36,37
28:17,27,38
29:19,41,30
30:20,29,31,42
31:21,30,43,32
32:22,31,44
33:24,46,34
34:25,35,33,47
35:34,26,48
36:27,49,37
37:27,36,38,50
38:28,37,39,51
39:38,17,52,40
40:39,18,41,53
41:18,29,40,42,54
42:30,41,43,55
43:31,42,44,56
44:32,43,45,57
45:44,46
46:33,45,47,58
47:34,46,48,59
48:35,47,60
49:36,61,50
50:37,49,51,62
51:38,50,63,52
52:39,51,53,64
53:52,40,65,54
54:41,53,66,67
55:42,56,67
56:55,43,57,68
57:44,56,58,69
58:46,57,59,70
59:47,58,71,60
60:48,59,72
61:49,73,62
62:50,61,74,63
63:51,62,64,75
64:52,63,76,65
65:64,53,77,66
66:54,65,78,67
67:54,66,55,79,80,68
68:56,67,80
69:57,81,70
70:69,58,82,71
71:70,83,59,72
72:71,84,60
73:61,85,74
74:62,73,75
75:63,74,76,86
76:64,75,87
77:65,88,78
78:66,77,89,79
79:67,78,90
80:67,68,91,81
81:69,80,92,82
82:70,81,83,93
83:71,82,94
84:72,95
85:73,86,98
86:75,85,87,98
87:76,86,99,88
88:77,87,100
89:78,90,101
90:79,89,91
91:80,90,103,104
92:81,104,93
93:92,82,94
94:83,93,96,95
95:84,94,97
96:94,97,106
97:95,96,110
98:85,121,86,99
99:87,111,98,100
100:88,99,111,101
101:100,89,123,102
102:101,112,103
103:91,102,113,104
104:91,92,103,114,105
105:104,115,106
106:105,116,96,107
107:106,108
108:107,118,109
109:108,119,110
110:97,109,120
111:99,100,121,122
112:123,102,113,124
113:112,103,114,125
114:113,104,127,128
115:105,128,116
116:106,115,117,129
117:116,118
118:117,108,119,141
119:118,109,142,120
120:119,110,144
121:98,111,130
122:111,130,123,132
123:101,122,112,124
124:123,112,134,125,126
125:113,126,124
126:125,124,135
127:114,136,128
128:114,115,127,129,138
129:116,128,139
130:121,122,131
131:130,132,145
132:133,122,131,146
133:132,134
134:124,133,135,148
135:126,134,136,149
136:127,135,137,150
137:136,138,151
138:137,128,139,152
139:129,138,140,153
140:139,141
141:118,140,142,155
142:119,141,143
143:142,144,156
144:120,143,157
145:131,158,169
146:132,147,158
147:146,148
148:147,134,149,159
149:135,148,150,159
150:136,149,160
151:137,152,161
152:138,151,153,162
153:139,152,154,163
154:153,155,165
155:141,154,156
156:143,155,157
157:144,156,168
158:146,145,159,170
159:148,149,158,160,171
160:150,159,172
161:151,162,173
162:152,161,163,174
163:153,162
164:165,166,174,175
165:154,164,166
166:165,164,167,176
167:166,168,177
168:157,167,177
169:145,170,179
170:158,169,171,180
171:159,170,172,180
172:160,171,173,181
173:161,172,174,182
174:162,173,182,164,189,183
175:164,176,183
176:166,175,177
177:167,168,176
178:179,184
179:169,178,180,185
180:170,171,179,181,186
181:172,180,187
182:173,174,187,188
183:174,175,190
184:178,185
185:184,179,186,191
186:180,185,187
187:181,182,186,188,192
188:182,187,189,192,195
189:188,174,190,196
190:189,183,197
191:185,192,193
192:187,188,191,195,194
193:191,194,199
194:192,193,195,198
195:188,192,194,196,199
196:189,195,197,199
197:196,190,199
198:194,199
199:193,198,195,196,197
